0 0.314285729
0.02 1.990476181
0.04 7.123809856
0.06 3.03809538
0.08 3.03809538
0.1 5.657143019
0.12 8.695238399
0.14 5.552381212
0.16 1.466666632
0.18 5.552381212
0.2 14.03809487
0.22 12.99047577
0.24 6.914285729
0.26 6.390476181
0.28 13.93333398
0.3 5.13333347
0.32 10.05714333
0.34 19.69523799
0.36 25.45714199
0.38 13.93333398
0.4 4.819047536
0.42 -8.485714785
0.44 -16.34285791
0.46 -8.904762012
0.48 -3.247618994
0.5 4.190476283
0.52 8.904762012
0.54 13.82857105
0.56 18.85714271
0.58 16.97142936
0.6 2.409523819
0.62 2.619047639
0.64 8.380952464
0.66 8.06666653
0.68 11.52381006
0.7 13.72381016
0.72 8.485714785
0.74 1.361904723
0.76 -15.81904836
0.78 -34.57142916
0.8 -55.73333491
0.82 -67.67618953
0.84 -55.00000051
0.86 -43.47619148
0.88 -42.00952269
0.9 -53.95238142
0.92 -59.60952659
0.94 -59.92381129
0.96 -55.31428522
0.98 -52.06666807
1 -52.17142793
1.02 -57.61904826
1.04 -51.54285852
1.06 -45.15237998
1.08 -37.92381027
1.1 -29.33333368
1.12 -21.37142854
1.14 -15.39999969
1.16 -22.3142847
1.18 -4.923809343
1.2 22.52380955
1.22 50.18095472
1.24 60.76190554
1.26 19.69523799
1.28 -12.78095195
1.3 -56.36190431
1.32 -101.4095285
1.34 -115.2381006
1.36 -111.0476242
1.38 -112.0952433
1.4 -104.6571477
1.42 -98.0571423
1.44 -118.3809579
1.46 -153.9999969
1.48 -126.7619107
1.5 -115.2381006
1.52 -89.88571848
1.54 -66.62857043
1.56 -39.80952464
1.58 -16.23809497
1.6 11.20952331
1.62 35.40952341
1.64 62.75238286
1.66 87.47619148
1.68 114.1904815
1.7 139.3333398
1.72 156.0952351
1.74 124.6666725
1.76 116.2857197
1.78 104.7619097
1.8 113.1428624
1.82 86.32381253
1.84 38.65714466
1.86 -23.57142864
1.88 -155.047616
1.9 -187.523808
1.92 -166.5714261
1.94 -177.047617
1.96 -159.2380924
1.98 -151.9047587
2 -141.428578
2.02 -133.0476253
2.04 -123.6190534
2.06 -114.1904815
2.08 -104.4476137
2.1 -80.03809795
2.12 -62.33333419
2.14 -9.952381109
2.16 56.78095401
2.18 111.0476242
2.2 80.66666735
2.22 61.28571509
2.24 25.87619168
2.26 -13.40952444
2.28 -70.71428696
2.3 -86.53333326
2.32 -54.58095185
2.34 -31.42857187
2.36 7.752381109
2.38 46.82857259
2.4 89.25714086
2.42 117.3333388
2.44 96.59047454
2.46 81.1904769
2.48 56.99047885
2.5 16.34285791
2.52 -19.17142844
2.54 -64.11428768
2.56 -73.3333347
2.58 -33.31428522
2.6 -3.980952361
2.62 29.75238131
2.64 62.22857331
2.66 96.27619292
2.68 116.2857197
2.7 68.19999908
2.72 28.28571458
2.74 -15.81904836
2.76 15.08571396
2.78 34.57142916
2.8 80.87618809
2.82 123.6190534
2.84 166.5714261
2.86 186.4761889
2.88 156.0952351
2.9 123.6190534
2.92 82.55238481
2.94 34.15237947
2.96 36.77142721
2.98 55.41905021
3 72.28571561
3.02 74.48571365
3.04 69.45714713
3.06 65.05714179
3.08 56.78095401
3.1 54.58095185
3.12 66.41904969
3.14 73.12381397
3.16 84.85714374
3.18 45.15237998
3.2 -5.761904826
3.22 -48.08571653
3.24 -21.58095339
3.26 -0.733333326
3.28 27.23809548
3.3 50.91428501
3.32 80.03809795
3.34 92.08571653
3.36 64.00952269
3.38 36.77142721
3.4 20.74285708
3.42 44.94285924
3.44 60.65714569
3.46 90.51428891
3.48 99.1047614
3.5 43.3714306
3.52 -6.180952567
3.54 -53.53333275
3.56 -97.0095232
3.58 -99.8380999
3.6 -97.84762156
3.62 -93.02857577
3.64 -90.19999908
3.66 -77.52381006
3.68 -65.3714306
3.7 -52.48571365
3.72 -39.39047495
3.74 -25.14285729
3.76 -13.09523871
3.78 1.571428542
3.8 -17.91428655
3.82 -44.10476088
3.84 -74.48571365
3.86 -67.36190894
3.88 -29.01904897
3.9 -6.809523922
3.92 17.7047617
3.94 -24.09523819
3.96 -61.80952464
3.98 -59.71428645
4 -6.809523922
4.02 15.39999969
4.04 21.47619045
4.06 21.89523809
4.08 45.99047834
4.1 53.32381201
4.12 50.49523943
4.14 -163.4285688
4.16 -103.190481
4.18 -112.0952433
4.2 -70.50476622
4.22 -26.81904784
4.24 27.34285739
4.26 64.42857238
4.28 106.8571478
4.3 114.1904815
4.32 99.94285976
4.34 91.66666787
4.36 69.24761817
4.38 54.79047567
4.4 70.81904682
4.42 113.1428624
4.44 80.66666735
4.46 91.03809743
4.48 62.01904949
4.5 67.57142967
4.52 -113.1428624
4.54 -97.4285729
4.56 -112.0952433
4.58 -122.5714343
4.6 -108.952386
4.62 -105.8095288
4.64 -160.2857115
4.66 -130.9523871
4.68 -117.3333388
4.7 -91.56190698
4.72 -64.21904754
4.74 -27.02857064
4.76 2.514285832
4.78 45.88571437
4.8 72.70476427
4.82 74.17143306
4.84 72.28571561
4.86 70.50476622
4.88 65.26666663
4.9 83.18095524
4.92 66.00000103
4.94 55.00000051
4.96 48.50476212
4.98 55.83809476
5 65.26666663
5.02 54.16190626
5.04 21.58095339
5.06 -7.019047536
5.08 -13.82857105
5.1 5.13333347
5.12 56.15238049
5.14 104.7619097
5.16 33.83809476
5.18 -18.96190565
5.2 12.2571424
5.22 48.29523727
5.24 75.0095232
5.26 111.0476242
5.28 127.8095298
5.3 115.2381006
5.32 55.31428522
5.34 1.780952464
5.36 4.819047536
5.38 -14.66666735
5.4 -11.20952331
5.42 -35.40952341
5.44 -81.71428645
5.46 -104.7619097
5.48 -103.7142906
5.5 -97.53333275
5.52 -71.55238532
5.54 -46.19999908
5.56 -22.10476294
5.58 1.780952464
5.6 20.74285708
5.62 60.5523807
5.64 55.62857094
5.66 8.799999692
5.68 -7.752381109
5.7 -42.21904754
5.72 -55.83809476
5.74 -52.17142793
5.76 -31.53333378
5.78 -11.10476242
5.8 -46.51428789
5.82 -82.97142628
5.84 -49.34285636
5.86 -43.3714306
5.88 -14.45714353
5.9 10.26666694
5.92 33.83809476
5.94 1.047619097
5.96 -30.06666807
5.98 -42.42857238
6 -24.61904774
6.02 -17.49523891
6.04 7.019047536
6.06 24.82857259
6.08 42.42857238
6.1 35.51428737
6.12 14.03809487
6.14 -5.028571663
6.16 -28.39047649
6.18 -45.99047834
6.2 -13.09523871
6.22 12.36190534
6.24 49.44762033
6.26 66.73333542
6.28 22.20952485
6.3 -6.704762115
6.32 -44.00000103
6.34 -69.24761817
6.36 -58.4571425
6.38 -52.38095277
6.4 -36.98095205
6.42 -18.12380934
6.44 -0.523809528
6.46 16.86666745
6.48 13.82857105
6.5 14.66666735
6.52 12.2571424
6.54 32.47619097
6.56 30.17142793
6.58 16.13333306
6.6 8.904762012
6.62 -7.961904723
6.64 -18.96190565
6.66 -38.34285585
6.68 -30.48571468
6.7 -1.361904723
6.72 28.70476222
6.74 25.66666684
6.76 11.41904712
6.78 9.638095174
6.8 -10.79047669
6.82 -25.14285729
6.84 -42.6380962
6.86 -55.1047614
6.88 -51.75238337
6.9 -75.32381201
6.92 -54.79047567
6.94 -27.23809548
6.96 13.72381016
6.98 72.60000442
7 91.45714713
7.02 64.53333224
7.04 43.89524015
7.06 -9.533333881
7.08 -57.5142884
7.1 -97.32381201
7.12 -89.36190894
7.14 -60.5523807
7.16 -41.48571314
7.18 -68.93333758
7.2 -75.21905216
7.22 -35.72380811
7.24 -4.504762115
7.26 27.44762033
7.28 59.40000175
7.3 83.91428552
7.32 100.67619
7.34 89.67618953
7.36 69.24761817
7.38 52.17142793
7.4 29.75238131
7.42 11.83809579
7.44 -18.33333316
7.46 -49.86666591
7.48 -77.31429035
7.5 -54.16190626
7.52 -38.65714466
7.54 -11.83809579
7.56 -26.08571448
7.58 -33.20952536
7.6 -49.34285636
7.62 -40.75238286
7.64 -24.30476304
7.66 -2.828571561
7.68 23.67619158
7.7 51.64761838
7.72 66.20952587
7.74 48.19047639
7.76 36.98095205
7.78 20.84761899
7.8 6.600000308
7.82 -13.09523871
7.84 -31.32380996
7.86 -40.64761889
7.88 -33.52381006
7.9 -18.85714271
7.92 -23.99047628
7.94 -38.13333511
7.96 -48.40000123
7.98 -60.5523807
8 -72.28571561
8.02 -79.5142884
8.04 -61.07619025
8.06 -45.46666879
8.08 -38.44761982
8.1 -66.20952587
8.12 -69.35237905
8.14 -55.00000051
8.16 -36.98095205
8.18 -23.67619158
8.2 5.342857084
8.22 -19.69523799
8.24 -44.73333439
8.26 -15.60952351
8.28 -12.88571489
8.3 8.276190657
8.32 25.24762023
8.34 0.209523819
8.36 -25.45714199
8.38 -49.97142988
8.4 -78.7809499
8.42 -104.7619097
8.44 -134.0952444
8.46 -100.5714302
8.48 -29.12380883
8.5 43.89524015
8.52 103.6095286
8.54 82.76190554
8.56 119.428577
8.58 127.8095298
8.6 117.3333388
8.62 42.84762105
8.64 68.40952803
8.66 55.73333491
8.68 88.73333131
8.7 0.10476191
8.72 -24.51428583
8.74 -14.03809487
8.76 -35.30476355
8.78 -34.67618901
8.8 -20.32380945
8.82 16.76190452
8.84 49.65714518
8.86 63.06666858
8.88 33.00000051
8.9 21.47619045
8.92 7.33333347
8.94 40.75238286
8.96 87.58095133
8.98 104.3428517
9 112.0952433
9.02 115.2381006
9.04 82.44761673
9.06 74.69524261
9.08 77.62857094
9.1 77.94285976
9.12 81.39999764
9.14 88.10476088
9.16 89.25714086
9.18 95.12381397
9.2 23.15238203
9.22 5.447618891
9.24 14.56190441
9.26 7.647619302
9.28 19.06666756
9.3 23.46666674
9.32 33.00000051
9.34 29.85714322
9.36 6.704762115
9.38 -11.31428624
9.4 -37.71428645
9.42 -48.29523727
9.44 -35.93333296
9.46 -35.93333296
9.48 -29.12380883
9.5 -28.59999928
9.52 -67.04762012
9.54 -97.95238244
9.56 -77.83809887
9.58 -50.80952413
9.6 -5.238095277
9.62 36.77142721
9.64 48.19047639
9.66 9.32380924
9.68 -34.78095401
9.7 -66.73333542
9.72 -106.8571478
9.74 -76.26667126
9.76 -49.65714518
9.78 12.46666622
9.8 34.15237947
9.82 26.50476109
9.84 15.08571396
9.86 16.86666745
9.88 27.44762033
9.9 39.49523891
9.92 31.95238142
9.94 -2.304762012
9.96 -32.16190626
9.98 -73.3333347
10 -86.95238193
10.02 -98.26667126
10.04 -43.58095133
10.06 -56.67619004
10.08 -102.6666684
10.1 -43.47619148
10.12 9.952381109
10.14 63.48571314
10.16 100.7809499
10.18 103.5047667
10.2 47.24761817
10.22 -2.199999897
10.24 -39.18095421
10.26 -8.485714785
10.28 9.219047947
10.3 38.02857115
10.32 78.15238049
10.34 49.02857166
10.36 -40.33333419
10.38 -3.666666735
10.4 -25.56190493
10.42 -3.666666735
10.44 -24.93333244
10.46 -44.73333439
10.48 -29.43809559
10.5 -25.45714199
10.52 -14.45714353
10.54 -2.199999897
10.56 4.819047536
10.58 -9.32380924
10.6 -23.3619038
10.62 -43.79047618
10.64 -67.36190894
10.66 -49.34285636
10.68 -11.41904712
10.7 33.52381006
10.72 63.59047813
10.74 13.09523871
10.76 18.22857125
10.78 -29.33333368
10.8 4.190476283
10.82 31.11428717
10.84 52.90476232
10.86 44.41904969
10.88 9.742857495
10.9 -23.25714394
10.92 -36.8761922
10.94 -6.495237988
10.96 27.97142988
10.98 82.86666643
11 74.27619292
11.02 54.37143111
11.04 33.31428522
11.06 7.542857084
11.08 -14.87619014
11.1 -61.18095421
11.12 -105.8095288
11.14 -144.5714353
11.16 -139.3333398
11.18 -123.6190534
11.2 -74.06666396
11.22 -66.00000103
11.24 -78.7809499
11.26 -60.13333614
11.28 -31.74285657
11.3 -6.914285729
11.32 40.33333419
11.34 88.20952176
11.36 128.8571489
11.38 150.8571396
11.4 178.0952361
11.42 199.0476181
11.44 220
11.46 207.4285708
11.48 191.7142844
11.5 172.8571407
11.52 151.9047587
11.54 128.8571489
11.56 122.5714343
11.58 125.7142916
11.6 74.80000247
11.62 40.33333419
11.64 -8.904762012
11.66 -52.27619292
11.68 -97.63809363
11.7 -140.3809589
11.72 -173.9047598
11.74 -89.15237998
11.76 -47.45714302
11.78 -2.933333368
11.8 51.12380883
11.82 41.2761924
11.84 7.33333347
11.86 -42.53333224
11.88 -107.9047669
11.9 -125.7142916
11.92 -143.5238162
11.94 -145.6190544
11.96 -151.9047587
11.98 -117.3333388
12 -82.02857526
12.02 -37.92381027
12.04 -25.77142977
12.06 -56.99047885
12.08 -73.12381397
12.1 -96.3809538
12.12 -101.1999996
12.14 -87.37143162
12.16 -75.84762156
12.18 -59.5047616
12.2 -43.05714179
12.22 -27.13333357
12.24 -3.876190554
12.26 23.67619158
12.28 43.26666663
12.3 58.24761766
12.32 76.7904808
12.34 64.63809723
12.36 37.8190463
12.38 32.37142906
12.4 26.40000123
12.42 9.638095174
12.44 -4.819047536
12.46 -19.69523799
12.48 -22
12.5 -25.66666684
12.52 -26.29523932
12.54 -28.59999928
12.56 -22
12.58 -7.019047536
12.6 8.06666653
12.62 21.16190575
12.64 13.09523871
12.66 5.238095277
12.68 -3.247618994
12.7 -13.20000062
12.72 43.58095133
12.74 73.3333347
12.76 59.5047616
12.78 58.5619075
12.8 44.20952485
12.82 34.25714446
12.84 21.26666663
12.86 13.61904826
12.88 13.09523871
12.9 9.32380924
12.92 -12.04761961
12.94 -7.123809856
12.96 10.16190472
12.98 -6.600000308
13 -17.59999979
13.02 -44.62857043
13.04 -31.21904702
13.06 -10.05714333
13.08 9.847618788
13.1 41.17142844
13.12 42.42857238
13.14 21.16190575
13.16 5.238095277
13.18 -26.92381078
13.2 -39.49523891
13.22 -32.16190626
13.24 -27.65714312
13.26 -17.59999979
13.28 -8.17142885
13.3 4.714285729
13.32 18.96190565
13.34 3.771428542
13.36 -14.45714353
13.38 -30.38095277
13.4 -51.12380883
13.42 -42.74285708
13.44 -25.03809538
13.46 -6.390476181
13.48 0.523809528
13.5 -16.65714261
13.52 -27.65714312
13.54 -41.69523799
13.56 -30.48571468
13.58 -24.82857259
13.6 -10.37142803
13.62 3.247618994
13.64 17.49523891
13.66 32.26666612
13.68 45.0476191
13.7 62.22857331
13.72 56.25714446
13.74 18.33333316
13.76 -4.609523922
13.78 -25.56190493
13.8 -44.83809528
13.82 32.8952386
13.84 52.90476232
13.86 24.82857259
13.88 27.76190503
13.9 -16.44761879
13.92 -35.8285731
13.94 -23.3619038
13.96 -26.81904784
13.98 -40.43809404
14 -37.8190463
14.02 2.09523809
14.04 41.17142844
14.06 77.31429035
14.08 107.9047669
14.1 115.2381006
14.12 59.29523675
14.14 26.71428593
14.16 -15.60952351
14.18 -39.70476376
14.2 -18.96190565
14.22 -5.028571663
14.24 26.29523932
14.26 22.10476294
14.28 -2.199999897
14.3 -21.6857153
14.32 -51.96190411
14.34 -71.55238532
14.36 -45.0476191
14.38 -15.39999969
14.4 2.09523809
14.42 31.32380996
14.44 75.95238142
14.46 97.21905216
14.48 5.761904826
14.5 -59.5047616
14.52 -85.80000298
14.54 -72.07619487
14.56 -48.19047639
14.58 -18.64761889
14.6 12.46666622
14.62 39.39047495
14.64 62.43809404
14.66 54.26666612
14.68 21.47619045
14.7 6.07619076
14.72 -44.20952485
14.74 -40.96190359
14.76 -35.51428737
14.78 -52.48571365
14.8 -39.49523891
14.82 -32.47619097
14.84 -28.70476222
14.86 -37.5047616
14.88 -34.46666828
14.9 -17.59999979
14.92 3.666666735
14.94 23.99047628
14.96 69.77142772
14.98 78.99047885
15 45.99047834
15.02 24.40952289
15.04 -0.733333326
15.06 -30.69523747
15.08 -51.75238337
15.1 -33.00000051
15.12 -23.67619158
15.14 -4.29523809
15.16 7.228571663
15.18 -3.666666735
15.2 -18.4380961
15.22 -17.80952361
15.24 -4.923809343
15.26 7.961904723
15.28 35.09523871
15.3 44.94285924
15.32 32.37142906
15.34 24.61904774
15.36 7.438095277
15.38 10.05714333
15.4 39.59999979
15.42 48.08571653
15.44 52.48571365
15.46 38.34285585
15.48 31.74285657
15.5 18.85714271
15.52 23.57142864
15.54 23.46666674
15.56 28.59999928
15.58 24.93333244
15.6 16.76190452
15.62 10.16190472
15.64 3.771428542
15.66 -3.666666735
15.68 -2.199999897
15.7 4.609523922
15.72 19.4857152
15.74 38.13333511
15.76 48.40000123
15.78 60.02857115
15.8 74.06666396
15.82 63.90476283
15.84 26.08571448
15.86 7.857142916
15.88 5.971428439
15.9 5.238095277
15.92 6.704762115
15.94 -1.780952464
15.96 -31.63809672
15.98 -57.40952341
16 -51.33333368
16.02 -49.34285636
16.04 -35.40952341
16.06 -23.3619038
16.08 -7.961904723
16.1 3.876190554
16.12 19.59047711
16.14 30.27619086
16.16 43.58095133
16.18 51.75238337
16.2 66.62857043
16.22 50.80952413
16.24 25.14285729
16.26 6.495237988
16.28 -23.15238203
16.3 -25.98095154
16.32 10.68571376
16.34 -7.228571663
16.36 -17.07619025
16.38 -30.59047762
16.4 -46.30476304
16.42 -56.04761961
16.44 -38.97142936
16.46 -18.7523808
16.48 5.761904826
16.5 36.98095205
16.52 43.47619148
16.54 34.67618901
16.56 31.84761951
16.58 19.90476181
16.6 12.78095195
16.62 1.571428542
16.64 -5.238095277
16.66 -21.6857153
16.68 -31.21904702
16.7 -37.60952557
16.72 -45.99047834
16.74 -50.60000031
16.76 -46.93333347
16.78 -44.20952485
16.8 -39.49523891
16.82 -34.25714446
16.84 -28.49523943
16.86 -23.57142864
16.88 -17.28571407
16.9 -13.09523871
16.92 -12.04761961
16.94 -12.78095195
16.96 -11.83809579
16.98 -12.36190534
17 -0.314285729
17.02 8.590476078
17.04 26.92381078
17.06 38.44761982
17.08 54.89524066
17.1 -11.62857197
17.12 -32.05714333
17.14 -27.76190503
17.16 -33.62856992
17.18 -16.65714261
17.2 -5.238095277
17.22 9.219047947
17.24 1.676190554
17.26 -4.609523922
17.28 -16.02857218
17.3 -24.09523819
17.32 -18.64761889
17.34 -15.81904836
17.36 -9.533333881
17.38 -3.980952361
17.4 2.723809446
17.42 5.971428439
17.44 -0.419047628
17.46 -6.07619076
17.48 -12.78095195
17.5 -7.33333347
17.52 23.15238203
17.54 48.19047639
17.56 84.33333419
17.58 87.05714281
17.6 48.40000123
17.62 23.88571335
17.64 -9.533333881
17.66 -36.1428578
17.68 -61.9142845
17.7 -81.60952659
17.72 -89.36190894
17.74 -77.52381006
17.76 -67.67618953
17.78 -66.00000103
17.8 -60.44762084
17.82 -40.85714374
17.84 -25.98095154
17.86 -13.09523871
17.88 -19.27619035
17.9 -14.03809487
17.92 -2.933333368
17.94 19.59047711
17.96 17.59999979
17.98 3.876190554
18 -7.228571663
18.02 -8.485714785
18.04 0.838095257
18.06 3.876190554
18.08 12.46666622
18.1 18.33333316
18.12 25.66666684
18.14 31.74285657
18.16 38.44761982
18.18 43.47619148
18.2 40.85714374
18.22 37.8190463
18.24 34.99047782
18.26 27.23809548
18.28 14.77142926
18.3 2.304762012
18.32 -10.68571376
18.34 -19.69523799
18.36 -7.647619302
18.38 6.07619076
18.4 29.64761838
18.42 31.53333378
18.44 15.50476263
18.46 3.457142813
18.48 -18.12380934
18.5 -25.45714199
18.52 -23.67619158
18.54 -21.58095339
18.56 -15.29523881
18.58 -0.523809528
18.6 14.03809487
18.62 28.91428604
18.64 45.15237998
18.66 50.70476427
18.68 57.19999959
18.7 60.34285585
18.72 67.04762012
18.74 52.69523747
18.76 24.09523819
18.78 0.838095257
18.8 -29.33333368
18.82 -55.83809476
18.84 -85.17143255
18.86 -98.58095185
18.88 -79.72380914
18.9 -65.89524015
18.92 -37.92381027
18.94 -7.438095277
18.96 5.866666632
18.98 4.190476283
19 7.228571663
19.02 5.761904826
19.04 7.438095277
19.06 -8.380952464
19.08 -9.533333881
19.1 -10.79047669
19.12 -27.02857064
19.14 -38.13333511
19.16 -50.39047546
19.18 -56.99047885
19.2 -33.20952536
19.22 -9.847618788
19.24 0.523809528
19.26 -6.495237988
19.28 -11.20952331
19.3 -22.3142847
19.32 -5.971428439
19.34 5.971428439
19.36 20.9523809
19.38 32.58095288
19.4 46.30476304
19.42 47.14285729
19.44 52.69523747
19.46 56.15238049
19.48 48.19047639
19.5 35.40952341
19.52 24.30476304
19.54 8.485714785
19.56 -5.657143019
19.58 -21.16190575
19.6 -33.31428522
19.62 -46.93333347
19.64 -59.40000175
19.66 -68.30475996
19.68 -54.89524066
19.7 -43.3714306
19.72 -26.29523932
19.74 -9.114285626
19.76 11.20952331
19.78 31.32380996
19.8 50.49523943
19.82 70.29523727
19.84 74.90476232
19.86 51.22857382
19.88 38.8666654
19.9 17.28571407
19.92 -5.13333347
19.94 -26.40000123
19.96 -55.62857094
19.98 -68.30475996
20 -45.25714394
20.02 -32.26666612
20.04 -9.847618788
20.06 5.342857084
20.08 25.35238214
20.1 40.96190359
20.12 57.72380811
20.14 43.16190575
20.16 27.44762033
20.18 6.07619076
20.2 -14.24761971
20.22 -30.06666807
20.24 -33.20952536
20.26 -26.92381078
20.28 -15.29523881
20.3 -0.733333326
20.32 18.33333316
20.34 41.69523799
20.36 59.1904769
20.38 75.63809261
20.4 85.06666447
20.42 82.13333614
20.44 88.31428984
20.46 71.23809651
20.48 53.53333275
20.5 35.61904826
20.52 15.39999969
20.54 -3.457142813
20.56 -23.88571335
20.58 -42.95238193
20.6 -60.76190554
20.62 -40.43809404
20.64 -47.45714302
20.66 -59.8190463
20.68 -69.98095668
20.7 -82.76190554
20.72 -99.31429035
20.74 -95.54285544
20.76 -66.41904969
20.78 -27.44762033
20.8 25.03809538
20.82 88.73333131
20.84 95.64762351
20.86 77.00000051
20.88 64.42857238
20.9 38.02857115
20.92 15.81904836
20.94 -12.36190534
20.96 -33.41904712
20.98 -22.73333439
21 -17.390477
21.02 -5.342857084
21.04 -9.009524333
21.06 -10.37142803
21.08 -17.18095216
21.1 -2.933333368
21.12 18.4380961
21.14 40.43809404
21.16 48.50476212
21.18 37.92381027
21.2 29.75238131
21.22 16.76190452
21.24 1.571428542
21.26 -15.19047587
21.28 -31.42857187
21.3 -48.81904682
21.32 -60.5523807
21.34 -52.69523747
21.36 -47.45714302
21.38 -38.44761982
21.4 -28.59999928
21.42 -22.83809425
21.44 -36.1428578
21.46 -38.34285585
21.48 -49.55238121
21.5 -51.43809456
21.52 -31.32380996
21.54 -11.73333285
21.56 8.485714785
21.58 32.26666612
21.6 22.20952485
21.62 2.619047639
21.64 -14.45714353
21.66 -39.80952464
21.68 -48.08571653
21.7 -35.51428737
21.72 -25.66666684
21.74 -8.276190657
21.76 7.752381109
21.78 23.46666674
21.8 35.40952341
21.82 43.26666663
21.84 29.75238131
21.86 28.28571458
21.88 19.7999999
21.9 13.93333398
21.92 7.019047536
21.94 0.209523819
21.96 -9.847618788
21.98 -18.7523808
22 -28.80952413
22.02 -37.5047616
22.04 -29.12380883
22.06 -17.07619025
22.08 -5.657143019
22.1 9.952381109
22.12 17.390477
22.14 21.05714384
22.16 31.63809672
22.18 38.76190554
22.2 47.56190698
22.22 37.08571602
22.24 22.73333439
22.26 7.647619302
22.28 -6.914285729
22.3 5.447618891
22.32 17.49523891
22.34 30.69523747
22.36 49.97142988
22.38 35.09523871
22.4 0.10476191
22.42 -14.03809487
22.44 -39.70476376
22.46 -68.93333758
22.48 -70.50476622
22.5 -34.46666828
22.52 -17.28571407
22.54 15.50476263
22.56 44.83809528
22.58 74.48571365
22.6 54.37143111
22.62 37.29523675
22.64 5.342857084
22.66 -45.67618953
22.68 -53.84762156
22.7 -49.13333563
22.72 -42.11428665
22.74 -23.3619038
22.76 -11.20952331
22.78 3.771428542
22.8 16.44761879
22.82 29.01904897
22.84 19.7999999
22.86 12.15238152
22.88 0.209523819
22.9 -11.41904712
22.92 -25.24762023
22.94 -35.61904826
22.96 -49.97142988
22.98 -40.33333419
23 -20.53333429
23.02 -8.904762012
23.04 8.904762012
23.06 21.26666663
23.08 37.08571602
23.1 43.58095133
23.12 36.35238265
23.14 27.97142988
23.16 14.56190441
23.18 0.942857125
23.2 -13.72381016
23.22 -30.69523747
23.24 -33.31428522
23.26 -20.74285708
23.28 -14.56190441
23.3 -3.561904928
23.32 6.704762115
23.34 8.276190657
23.36 -1.152381006
23.38 5.552381212
23.4 12.15238152
23.42 20.42857136
23.44 19.4857152
23.46 14.56190441
23.48 17.91428655
23.5 21.79047515
23.52 15.29523881
23.54 8.904762012
23.56 1.361904723
23.58 -6.914285729
23.6 -15.19047587
23.62 -23.99047628
23.64 -32.79047567
23.66 -42.00952269
23.68 -50.18095472
23.7 -61.59999979
23.72 -70.81904682
23.74 -57.40952341
23.76 -43.26666663
23.78 -21.6857153
23.8 -0.523809528
23.82 23.0476191
23.84 48.08571653
23.86 71.23809651
23.88 97.74286171
23.9 96.90476335
23.92 83.49523583
23.94 67.78095041
23.96 38.8666654
23.98 16.02857218
24 -14.98095308
24.02 -30.38095277
24.04 -1.676190554
24.06 25.45714199
24.08 50.70476427
24.1 76.26667126
24.12 45.78095349
24.14 15.92380924
24.16 -19.69523799
24.18 -53.21904702
24.2 -86.95238193
24.22 -80.35237854
24.24 -64.74285708
24.26 -49.02857166
24.28 -27.55238018
24.3 2.409523819
24.32 40.22857331
24.34 74.80000247
24.36 103.8190422
24.38 71.65714518
24.4 -18.7523808
24.42 -79.30475944
24.44 -61.18095421
24.46 -54.16190626
24.48 -30.69523747
24.5 -7.123809856
24.52 15.71428542
24.54 41.17142844
24.56 64.42857238
24.58 91.03809743
24.6 86.21905165
24.62 64.63809723
24.64 48.40000123
24.66 21.6857153
24.68 -7.961904723
24.7 -36.03809692
24.72 -61.39047495
24.74 -88.62857043
24.76 -113.1428624
24.78 -123.6190534
24.8 -103.6095286
24.82 -89.57142967
24.84 -68.72380862
24.86 -48.71428593
24.88 -26.92381078
24.9 -4.923809343
24.92 17.390477
24.94 39.70476376
24.96 62.12380934
24.98 82.97142628
25 100.7809499
25.02 120.4761961
25.04 137.2381016
25.06 156.0952351
25.08 142.4761971
25.1 118.3809579
25.12 94.80952515
25.14 59.29523675
25.16 27.86666694
25.18 -7.33333347
25.2 -45.99047834
25.22 -76.37143111
25.24 -48.19047639
25.26 -16.44761879
25.28 21.26666663
25.3 59.8190463
25.32 94.80952515
25.34 65.79047618
25.36 32.26666612
25.38 -7.33333347
25.4 -43.3714306
25.42 -27.13333357
25.44 -17.91428655
25.46 5.761904826
25.48 30.80000041
25.5 53.95238142
25.52 80.1428578
25.54 91.35237905
25.56 76.26667126
25.58 66.00000103
25.6 45.25714394
25.62 20.00952474
25.64 -3.771428542
25.66 -29.01904897
25.68 -33.20952536
25.7 -35.51428737
25.72 -38.34285585
25.74 -42.95238193
25.76 -41.38095329
25.78 -43.79047618
25.8 9.32380924
25.82 51.22857382
25.84 100.0476206
25.86 120.4761961
25.88 93.44761725
25.9 73.3333347
25.92 41.06666756
25.94 8.380952464
25.96 -30.27619086
25.98 -62.85714374
26 -53.95238142
26.02 -51.54285852
26.04 -41.90476283
26.06 -32.26666612
26.08 -20.9523809
26.1 -12.88571489
26.12 -4.399999897
26.14 -17.07619025
26.16 -47.45714302
26.18 -73.12381397
26.2 -89.25714086
26.22 -93.13333563
26.24 -86.84762208
26.26 -75.11428306
26.28 -55.41905021
26.3 -24.93333244
26.32 -1.361904723
26.34 12.46666622
26.36 26.60952402
26.38 36.77142721
26.4 42.6380962
26.42 48.92381078
26.44 45.78095349
26.46 23.15238203
26.48 2.304762012
26.5 -20.74285708
26.52 -46.82857259
26.54 -37.29523675
26.56 -15.08571396
26.58 6.914285729
26.6 36.77142721
26.62 63.80000195
26.64 61.59999979
26.66 46.19999908
26.68 34.36190431
26.7 14.24761971
26.72 -1.466666632
26.74 -20.11428665
26.76 -21.89523809
26.78 -15.39999969
26.8 -20.11428665
26.82 -17.59999979
26.84 -10.58095288
26.86 -2.514285832
26.88 6.495237988
26.9 16.34285791
26.92 14.98095308
26.94 13.72381016
26.96 10.05714333
26.98 6.809523922
27 1.571428542
27.02 6.180952567
27.04 18.7523808
27.06 29.64761838
27.08 36.4571425
27.1 19.27619035
27.12 7.228571663
27.14 -13.72381016
27.16 -33.10476242
27.18 -56.57142916
27.2 -50.60000031
27.22 -31.11428717
27.24 -13.40952444
27.26 7.019047536
27.28 -0.838095257
27.3 -9.533333881
27.32 -18.4380961
27.34 -30.38095277
27.36 -42.00952269
27.38 -51.33333368
27.4 -45.99047834
27.42 -36.66666735
27.44 -25.87619168
27.46 -16.76190452
27.48 -10.58095288
27.5 -19.69523799
27.52 -22.62857249
27.54 -26.40000123
27.56 -22.94285719
27.58 -13.82857105
27.6 -14.87619014
27.62 -23.25714394
27.64 -26.19047639
27.66 -34.15237947
27.68 -39.59999979
27.7 -34.57142916
27.72 -30.27619086
27.74 -26.60952402
27.76 -23.0476191
27.78 -19.69523799
27.8 -16.55238173
27.82 -13.82857105
27.84 -12.67619107
27.86 -10.89523758
27.88 -7.33333347
27.9 -3.457142813
27.92 -1.676190554
27.94 1.361904723
27.96 -2.09523809
27.98 -9.742857495
28 -15.39999969
28.02 -24.93333244
28.04 -25.56190493
28.06 -19.27619035
28.08 -17.390477
28.1 -12.46666622
28.12 -7.438095277
28.14 -2.199999897
28.16 0.314285729
28.18 -10.68571376
28.2 -18.22857125
28.22 -29.01904897
28.24 -17.7047617
28.26 -4.399999897
28.28 16.55238173
28.3 17.18095216
28.32 1.990476181
28.34 -4.399999897
28.36 -16.13333306
28.38 -26.29523932
28.4 -36.8761922
28.42 -29.33333368
28.44 -18.96190565
28.46 -2.09523809
28.48 10.68571376
28.5 22.10476294
28.52 29.33333368
28.54 13.82857105
28.56 9.32380924
28.58 0.628571458
28.6 -5.13333347
28.62 -10.26666694
28.64 -8.276190657
28.66 -2.199999897
28.68 1.047619097
28.7 -9.219047947
28.72 -16.44761879
28.74 -22.41904764
28.76 -16.65714261
28.78 -3.457142813
28.8 10.89523758
28.82 24.09523819
28.84 29.96190513
28.86 24.30476304
28.88 13.93333398
28.9 0.628571458
28.92 -12.67619107
28.94 -25.77142977
28.96 -26.29523932
28.98 -20.11428665
29 -14.66666735
29.02 -6.809523922
29.04 0.209523819
29.06 7.961904723
29.08 14.87619014
29.1 23.0476191
29.12 25.56190493
29.14 18.01904846
29.16 11.62857197
29.18 3.771428542
29.2 -5.238095277
29.22 -10.89523758
29.24 -17.390477
29.26 -13.20000062
29.28 -2.619047639
29.3 6.07619076
29.32 5.971428439
29.34 0
29.36 -1.780952464
29.38 -1.152381006
29.4 -0.10476191
29.42 4.399999897
29.44 17.7047617
29.46 22.20952485
29.48 30.38095277
29.5 22.10476294
29.52 4.923809343
29.54 -7.857142916
29.56 -12.99047577
29.58 -3.876190554
29.6 7.123809856
29.62 19.38095226
29.64 29.75238131
29.66 40.85714374
29.68 45.67618953
29.7 42.95238193
29.72 35.93333296
29.74 29.43809559
29.76 20.9523809
29.78 13.51428532
29.8 6.600000308
29.82 -0.209523819
29.84 -6.07619076
29.86 -7.228571663
29.88 -10.47619097
29.9 -11.83809579
29.92 -15.81904836
29.94 -19.4857152
29.96 -20.6380962
29.98 -21.26666663
30 -23.78095349
30.02 -17.18095216
30.04 -4.923809343
30.06 4.819047536
30.08 15.39999969
30.1 25.98095154
30.12 27.44762033
30.14 24.61904774
30.16 25.45714199
30.18 29.12380883
30.2 32.79047567
30.22 34.78095401
30.24 24.51428583
30.26 14.98095308
30.28 7.228571663
30.3 -1.257142916
30.32 -12.99047577
30.34 -23.57142864
30.36 -34.88571386
30.38 -34.88571386
30.4 -32.16190626
30.42 -24.72381068
30.44 -16.76190452
30.46 -8.485714785
30.48 -5.657143019
30.5 -2.619047639
30.52 1.152381006
30.54 4.819047536
30.56 8.695238399
30.58 11.83809579
30.6 13.3047615
30.62 10.26666694
30.64 5.971428439
30.66 1.571428542
30.68 -4.504762115
30.7 -9.742857495
30.72 -15.71428542
30.74 -21.05714384
30.76 -26.60952402
30.78 -32.05714333
30.8 -36.66666735
30.82 -38.8666654
30.84 -35.61904826
30.86 -19.90476181
30.88 -7.438095277
30.9 7.647619302
30.92 22.41904764
30.94 33.94285873
30.96 27.76190503
30.98 25.56190493
31 19.59047711
31.02 14.03809487
31.04 7.857142916
31.06 2.828571561
31.08 4.085714477
31.1 6.600000308
31.12 3.142857187
31.14 -0.10476191
31.16 -4.504762115
31.18 -6.285714374
31.2 -3.457142813
31.22 -1.361904723
31.24 -0.10476191
31.26 -6.390476181
31.28 -9.009524333
31.3 -11.20952331
31.32 -13.20000062
31.34 -15.39999969
31.36 -12.46666622
31.38 -7.438095277
31.4 -2.619047639
31.42 2.619047639
31.44 3.352381006
31.46 4.399999897
31.48 7.647619302
31.5 11.83809579
31.52 16.13333306
31.54 20.53333429
31.56 25.45714199
31.58 22.41904764
31.6 15.08571396
31.62 8.799999692
31.64 2.304762012
31.66 8.06666653
31.68 11.62857197
31.7 18.22857125
31.72 20.11428665
31.74 13.3047615
31.76 8.695238399
31.78 0.733333326
31.8 -3.980952361
31.82 -2.933333368
31.84 -1.152381006
31.86 -7.752381109
31.88 -18.4380961
31.9 -26.40000123
31.92 -20.9523809
31.94 -17.80952361
31.96 -10.26666694
31.98 -3.352381006
32 4.399999897
32.02 11.62857197
32.04 18.54285801
32.06 13.09523871
32.08 8.06666653
32.1 1.361904723
32.12 -5.552381212
32.14 -8.17142885
32.16 -9.533333881
32.18 -11.41904712
32.2 -11.52381006
32.22 -11.41904712
32.24 -7.438095277
32.26 -0.838095257
32.28 4.609523922
32.3 12.36190534
32.32 13.51428532
32.34 7.542857084
32.36 3.03809538
32.38 -3.666666735
32.4 -10.16190472
32.42 -14.98095308
32.44 -14.3523806
32.46 -14.98095308
32.48 -14.1428578
32.5 -12.2571424
32.52 -3.980952361
32.54 2.199999897
32.56 11.41904712
32.58 12.04761961
32.6 6.07619076
32.62 1.990476181
32.64 -4.923809343
32.66 -6.07619076
32.68 -7.019047536
32.7 -7.542857084
32.72 -7.438095277
32.74 -5.552381212
32.76 -2.933333368
32.78 -5.552381212
32.8 -10.89523758
32.82 -15.39999969
32.84 -20.74285708
32.86 -16.13333306
32.88 -12.99047577
32.9 -7.542857084
32.92 -4.609523922
32.94 -3.666666735
32.96 -2.619047639
32.98 -0.523809528
33 2.723809446
33.02 4.399999897
33.04 5.238095277
33.06 7.961904723
33.08 12.04761961
33.1 16.76190452
33.12 14.3523806
33.14 8.17142885
33.16 3.03809538
33.18 -3.666666735
33.2 -5.447618891
33.22 -8.590476078
33.24 -12.36190534
33.26 -13.93333398
33.28 -12.88571489
33.3 -13.20000062
33.32 -14.03809487
33.34 -11.83809579
33.36 -6.07619076
33.38 -1.361904723
33.4 4.819047536
33.42 10.37142803
33.44 16.76190452
33.46 21.37142854
33.48 24.40952289
33.5 25.35238214
33.52 22
33.54 17.59999979
33.56 12.46666622
33.58 7.438095277
33.6 5.13333347
33.62 3.142857187
33.64 4.399999897
33.66 6.390476181
33.68 5.552381212
33.7 1.780952464
33.72 -1.152381006
33.74 -5.447618891
33.76 -9.32380924
33.78 -11.83809579
33.8 -9.638095174
33.82 -4.714285729
33.84 1.152381006
33.86 7.123809856
33.88 12.67619107
33.9 7.438095277
33.92 4.085714477
33.94 -1.257142916
33.96 -2.409523819
33.98 -2.304762012
34 -0.10476191
34.02 2.619047639
34.04 4.190476283
34.06 -0.942857125
34.08 -4.714285729
34.1 -10.26666694
34.12 -15.50476263
34.14 -20.32380945
34.16 -17.28571407
34.18 -15.08571396
34.2 -11.62857197
34.22 -8.904762012
34.24 -5.971428439
34.26 -2.409523819
34.28 1.676190554
34.3 5.657143019
34.32 9.009524333
34.34 10.37142803
34.36 12.36190534
34.38 13.61904826
34.4 15.60952351
34.42 14.77142926
34.44 10.58095288
34.46 6.600000308
34.48 1.571428542
34.5 -2.409523819
34.52 -5.028571663
34.54 -7.857142916
34.56 -10.26666694
34.58 -11.20952331
34.6 -11.62857197
34.62 -8.485714785
34.64 -1.780952464
34.66 4.923809343
34.68 9.32380924
34.7 9.219047947
34.72 7.857142916
34.74 5.552381212
34.76 5.552381212
34.78 7.542857084
34.8 3.876190554
34.82 0.733333326
34.84 -1.990476181
34.86 -3.561904928
34.88 -5.761904826
34.9 -7.857142916
34.92 -8.276190657
34.94 -5.342857084
34.96 -4.714285729
34.98 -4.714285729
35 -5.447618891
35.02 -1.676190554
35.04 5.866666632
35.06 7.857142916
35.08 9.32380924
35.1 10.79047669
35.12 11.41904712
35.14 12.36190534
35.16 10.05714333
35.18 6.914285729
35.2 3.876190554
35.22 0.942857125
35.24 2.619047639
35.26 3.457142813
35.28 5.552381212
35.3 6.704762115
35.32 7.123809856
35.34 5.552381212
35.36 -0.628571458
35.38 -6.390476181
35.4 -10.89523758
35.42 -10.79047669
35.44 -8.485714785
35.46 -3.561904928
35.48 0.942857125
35.5 6.180952567
35.52 10.26666694
35.54 10.89523758
35.56 9.32380924
35.58 5.552381212
35.6 3.457142813
35.62 3.142857187
35.64 2.619047639
35.66 2.304762012
35.68 -1.466666632
35.7 -4.819047536
35.72 -8.695238399
35.74 -12.88571489
35.76 -14.87619014
35.78 -9.952381109
35.8 -6.495237988
35.82 -1.047619097
35.84 1.990476181
35.86 3.03809538
35.88 4.609523922
35.9 5.238095277
35.92 6.495237988
35.94 5.971428439
35.96 4.085714477
35.98 1.361904723
36 -2.409523819
36.02 -5.866666632
36.04 -9.847618788
36.06 -12.67619107
36.08 -10.89523758
36.1 -8.904762012
36.12 -2.723809446
36.14 2.933333368
36.16 9.428571561
36.18 14.87619014
36.2 17.28571407
36.22 17.18095216
36.24 14.98095308
36.26 13.09523871
36.28 10.37142803
36.3 7.228571663
36.32 2.619047639
36.34 -1.257142916
36.36 -5.028571663
36.38 -2.409523819
36.4 -1.571428542
36.42 -1.152381006
36.44 -0.10476191
36.46 0.523809528
36.48 0.419047628
36.5 -0.733333326
36.52 -1.257142916
36.54 0.10476191
36.56 1.257142916
36.58 2.723809446
36.6 3.771428542
36.62 2.619047639
36.64 1.047619097
36.66 -0.942857125
36.68 -3.03809538
36.7 -5.238095277
36.72 -7.019047536
36.74 -7.438095277
36.76 -7.647619302
36.78 -7.019047536
36.8 -6.704762115
36.82 -5.971428439
36.84 -6.07619076
36.86 -7.857142916
36.88 -9.219047947
36.9 -11.10476242
36.92 -12.36190534
36.94 -11.94285667
36.96 -10.79047669
36.98 -9.428571561
37 -7.961904723
37.02 -6.809523922
37.04 -7.542857084
37.06 -8.590476078
37.08 -9.847618788
37.1 -11.20952331
37.12 -12.67619107
37.14 -13.72381016
37.16 -12.99047577
37.18 -12.46666622
37.2 -11.62857197
37.22 -10.89523758
37.24 -8.485714785
37.26 -4.504762115
37.28 -1.047619097
37.3 7.542857084
37.32 12.46666622
37.34 14.24761971
37.36 13.93333398
37.38 12.67619107
37.4 11.41904712
37.42 9.638095174
37.44 7.857142916
37.46 4.190476283
37.48 1.466666632
37.5 -2.619047639
37.52 -1.361904723
37.54 3.666666735
37.56 7.228571663
37.58 13.20000062
37.6 15.19047587
37.62 11.83809579
37.64 9.638095174
37.66 8.17142885
37.68 6.600000308
37.7 5.761904826
37.72 7.752381109
37.74 9.114285626
37.76 11.10476242
37.78 11.20952331
37.8 10.79047669
37.82 11.10476242
37.84 12.04761961
37.86 12.67619107
37.88 13.20000062
37.9 12.04761961
37.92 10.79047669
37.94 8.276190657
37.96 6.07619076
37.98 3.561904928
38 0.942857125
38.02 -0.733333326
38.04 2.828571561
38.06 6.704762115
38.08 11.52381006
38.1 16.23809497
38.12 15.50476263
38.14 14.03809487
38.16 12.46666622
38.18 10.05714333
38.2 8.06666653
38.22 5.866666632
38.24 6.180952567
38.26 6.600000308
38.28 7.123809856
38.3 7.961904723
38.32 8.590476078
38.34 9.533333881
38.36 9.428571561
38.38 6.07619076
38.4 3.03809538
38.42 1.047619097
38.44 0.314285729
38.46 -1.361904723
38.48 -2.199999897
38.5 -3.666666735
38.52 -3.457142813
38.54 -1.257142916
38.56 0.419047628
38.58 0.942857125
38.6 1.780952464
38.62 1.152381006
38.64 -0.419047628
38.66 -1.676190554
38.68 -3.457142813
38.7 -5.028571663
38.72 -6.809523922
38.74 -6.704762115
38.76 -5.13333347
38.78 -3.666666735
38.8 1.152381006
38.82 2.933333368
38.84 5.447618891
38.86 5.657143019
38.88 4.609523922
38.9 3.561904928
38.92 3.247618994
38.94 3.771428542
38.96 3.876190554
38.98 2.619047639
39 1.047619097
39.02 -0.314285729
39.04 -1.257142916
39.06 -1.990476181
39.08 -4.819047536
39.1 -8.590476078
39.12 -11.31428624
39.14 -10.58095288
39.16 -8.17142885
39.18 -5.552381212
39.2 -2.304762012
39.22 0.733333326
39.24 3.352381006
39.26 3.980952361
39.28 3.03809538
39.3 2.409523819
39.32 1.257142916
39.34 2.09523809
39.36 3.666666735
39.38 2.828571561
39.4 1.361904723
39.42 0.209523819
39.44 -1.780952464
39.46 -2.619047639
39.48 -2.09523809
39.5 -1.676190554
39.52 -1.047619097
39.54 -0.209523819
39.56 -1.047619097
39.58 -2.514285832
39.6 -4.085714477
39.62 -5.238095277
39.64 -4.923809343
39.66 -2.304762012
39.68 1.780952464
39.7 5.552381212
39.72 10.05714333
39.74 13.82857105
39.76 15.29523881
39.78 13.61904826
39.8 11.41904712
39.82 8.695238399
39.84 6.600000308
39.86 7.438095277
39.88 7.752381109
39.9 8.276190657
39.92 4.714285729
39.94 1.676190554
39.96 -1.885714271
39.98 -5.866666632
40 -7.961904723